66 66 67 67 67 64 61 58 62 63 64 64 60 60 61 62 60 60 62 62 60 60 61 62 62 60 60 58 58 58 61 60 61 61 61 61 60 60 61 61
67 63 61 62 67 65 62 61 64 65 64 63 58 61 62 60 61 61 61 62 61 61 60 61 62 60 60 60 60 60 61 60 61 62 60 61 60 62 63 61
66 67 64 64 66 60 60 61 63 63 64 61 61 65 66 65 63 62 62 61 61 61 60 60 60 60 60 60 60 60 61 61 62 61 60 60 61 64 63 61
66 66 63 66 66 58 60 61 62 60 65 63 62 65 65 65 61 60 61 60 60 58 61 62 58 61 61 61 61 61 61 60 60 61 61 62 61 61 61 61
65 49 62 66 65 65 65 66 64 63 64 61 62 67 66 66 62 60 60 60 60 60 61 58 60 58 60 60 60 60 60 61 61 60 60 58 61 61 62 60
60 64 67 68 72 73 73 72 70 68 67 68 69 69 67 64 66 69 71 70 68 67 65 61 63 63 65 67 68 66 65 66 66 63 62 62 62 62 64 60
82 82 83 83 85 87 88 87 87 84 79 78 80 80 81 80 82 81 81 82 80 79 78 75 74 78 81 82 78 76 75 76 76 72 69 69 69 69 70 69
89 88 88 88 89 91 91 93 93 92 88 86 86 86 88 89 90 86 84 84 85 83 83 85 82 82 83 85 83 81 81 84 84 78 74 73 73 74 74 74
86 88 88 85 86 87 87 90 92 93 91 88 87 87 88 89 91 90 85 85 84 84 87 86 85 85 85 86 88 84 82 84 85 81 74 73 75 78 77 75
85 88 87 86 87 86 87 87 90 91 92 89 87 86 87 87 88 87 87 86 85 85 87 87 85 83 83 85 86 84 83 80 82 80 74 73 74 79 79 77
85 87 86 85 85 83 86 87 86 90 93 93 90 89 90 90 90 88 87 87 87 87 89 86 84 82 83 84 86 85 85 81 79 77 75 76 76 76 77 78
83 87 86 82 83 81 87 83 86 90 93 92 90 87 89 90 91 88 87 86 86 89 88 84 84 83 82 83 86 85 85 82 81 76 73 73 74 70 74 78
84 87 88 79 83 84 88 87 89 88 91 88 88 86 87 88 90 87 87 87 87 87 86 84 81 78 81 80 82 80 82 80 81 79 74 72 73 69 75 77
86 85 88 87 88 89 89 90 91 89 87 78 84 82 82 80 88 87 86 84 87 85 84 78 80 71 78 80 84 80 82 82 81 79 74 72 73 68 77 80
86 75 85 88 87 87 89 88 89 84 86 75 72 73 76 74 83 79 82 82 83 81 82 70 72 67 67 71 83 82 80 76 71 65 73 71 73 68 77 77
71 70 79 81 75 72 73 75 81 75 73 73 71 71 73 72 71 72 71 71 70 69 69 66 64 65 64 66 68 65 67 66 65 60 58 58 60 60 67 62
69 67 70 72 71 70 69 70 71 72 73 72 68 65 67 68 70 69 69 67 68 68 66 61 60 60 58 64 66 63 65 64 60 58 58 58 63 58 60 58
67 66 68 69 67 66 67 67 70 70 70 70 67 66 67 67 69 69 66 66 66 66 65 62 60 58 58 61 62 60 61 60 60 58 58 58 58 58 58 58
66 70 78 76 85 86 84 75 85 86 88 83 83 74 81 73 70 69 70 68 68 65 62 60 60 60 61 61 64 68 77 67 64 61 68 61 70 62 64 62
66 71 79 76 85 87 86 78 86 78 86 77 81 73 72 71 69 68 68 66 65 61 61 58 60 60 58 60 62 67 77 67 64 60 66 65 69 61 68 64
63 66 68 69 70 71 72 72 73 74 74 71 70 68 67 67 65 65 62 58 60 58 60 58 58 58 58 62 65 78 84 69 61 60 60 58 58 60 60 74
83 74 86 85 88 86 88 77 76 75 76 72 69 67 66 63 60 58 58 58 58 58 60 60 60 58 60 61 60 66 68 65 60 58 58 58 58 58 60 63
86 85 88 89 90 92 92 87 86 86 89 79 71 69 67 61 58 60 61 61 58 60 60 62 62 62 66 69 66 70 78 63 61 63 70 68 70 64 71 64
85 87 88 88 89 92 90 88 82 78 88 88 82 69 66 64 62 62 58 58 60 60 61 64 63 64 78 70 68 78 81 65 62 63 70 69 70 62 70 64
84 87 87 84 90 92 92 89 85 77 86 87 87 73 70 65 62 62 62 62 63 64 65 64 63 67 78 70 73 78 80 66 64 64 71 69 71 67 71 65
84 85 86 83 89 90 92 89 84 76 77 82 88 86 78 69 64 64 65 65 69 75 81 69 67 76 78 69 67 71 80 66 61 61 69 67 70 61 65 61
81 82 83 86 89 89 93 90 87 77 75 75 83 88 87 73 69 66 68 70 78 81 79 70 76 78 78 68 66 78 81 67 63 63 72 71 73 70 71 65
78 76 83 86 85 79 92 88 87 75 75 73 73 84 87 84 73 70 68 70 81 83 80 70 68 68 68 66 67 71 79 66 64 61 69 68 70 61 61 61
74 73 80 76 83 80 90 88 82 75 73 72 73 73 73 80 75 71 76 72 81 82 70 68 67 76 74 65 64 67 69 65 60 60 68 67 70 62 65 62
83 80 84 76 80 79 88 81 76 75 74 72 71 72 73 73 73 72 73 72 84 82 71 68 67 77 74 65 66 70 80 67 61 61 69 68 69 62 61 68
82 74 80 79 83 78 84 82 74 73 73 71 68 69 69 71 73 82 82 82 83 80 70 67 67 73 72 65 64 67 68 62 58 58 66 60 65 61 62 71
80 74 82 75 75 78 83 78 73 73 72 68 70 70 70 70 73 80 82 83 85 77 69 67 67 77 67 64 61 65 67 60 58 60 67 61 65 60 60 69
77 73 80 76 82 79 78 75 74 71 69 66 66 67 67 69 73 82 84 86 86 72 67 65 67 68 64 60 58 65 65 61 60 58 60 60 60 60 61 72
71 73 79 76 84 79 77 72 72 69 68 67 64 65 66 69 71 80 85 84 79 69 66 66 67 66 60 58 58 61 61 58 58 58 64 60 61 60 61 64
71 71 73 76 75 73 72 69 67 64 62 61 61 61 63 67 70 74 84 74 68 66 63 60 58 58 58 58 58 58 60 58 58 58 58 58 58 60 58 60
73 73 73 72 71 71 72 69 67 65 61 60 60 60 62 63 65 69 70 68 66 65 60 58 58 58 49 58 58 58 58 58 58 58 58 58 58 58 58 58
81 74 74 73 72 71 68 68 65 62 61 60 58 60 62 62 64 66 68 67 65 62 58 49 49 58 49 49 49 58 60 60 58 58 60 60 49 58 58 58
79 73 72 74 74 72 70 69 67 62 63 63 63 61 60 65 68 70 72 72 77 70 64 61 65 66 65 67 67 67 63 61 60 58 58 60 58 49 58 58
69 68 68 71 71 70 72 74 70 69 68 65 65 62 62 64 68 72 80 72 79 71 68 75 82 80 76 74 69 69 67 64 61 58 58 61 67 58 60 58
68 68 65 63 66 66 70 70 69 69 69 66 65 63 64 66 71 72 71 70 71 72 69 76 83 78 78 77 67 64 64 62 60 58 58 58 60 58 58 60
64 65 66 63 66 68 69 69 72 72 72 70 66 65 65 65 68 71 78 69 68 67 66 69 79 67 67 68 65 58 60 61 58 58 60 60 60 58 58 58
65 64 65 66 65 67 68 68 70 71 69 69 67 64 62 61 65 68 68 67 66 64 64 66 77 67 64 65 64 58 60 60 58 49 58 58 58 58 58 58
61 63 62 64 67 67 66 65 67 67 66 66 64 62 61 61 63 67 67 66 63 60 62 65 67 65 61 64 62 58 58 58 49 58 58 58 58 58 60 58
64 64 64 65 64 64 64 66 65 64 61 60 60 58 58 60 64 67 67 63 61 58 58 60 65 63 60 60 58 58 58 49 58 60 58 58 58 58 60 58
64 66 65 66 67 64 64 65 64 64 61 61 60 60 61 58 60 64 65 60 58 49 58 58 62 60 60 58 58 58 58 49 49 58 58 58 58 49 49 49
58 60 60 65 67 64 64 64 61 61 63 58 58 60 60 58 58 60 58 60 58 58 58 49 60 58 58 58 58 58 58 58 58 49 58 58 49 49 49 49
60 61 61 63 66 63 63 63 60 60 61 58 49 49 58 58 58 60 60 60 58 58 49 49 58 58 49 58 58 58 58 49 49 58 58 58 49 49 58 58
61 61 60 58 61 60 58 63 61 61 60 58 58 58 60 58 58 60 60 58 58 49 58 58 58 49 49 49 49 58 58 58 58 58 58 58 58 58 58 49
61 60 58 60 60 60 58 58 58 58 60 58 58 58 58 58 58 58 58 58 49 58 58 49 58 58 49 49 49 58 58 49 58 58 58 58 58 58 58 49